4294967294,0
4294967278,132
4294967278,131
4294967278,130
4294967278,129
4294967278,128
4294967278,127
4294967278,126
4294967278,125
4294967278,124
4294967278,123
4294967278,122
4294967278,121
4294967278,120
4294967278,119
4294967278,118
4294967278,117
4294967278,116
4294967278,115
4294967278,114
4294967278,113
4294967278,112
4294967278,111
4294967278,110
4294967278,109
4294967278,108
4294967278,107
4294967278,106
4294967278,105
4294967278,104
4294967278,103
4294967278,102
4294967278,101
4294967278,100
4294967278,99
4294967278,98
4294967278,97
4294967278,96
4294967278,95
4294967278,94
4294967278,93
4294967278,92
4294967278,91
4294967278,90
4294967278,89
4294967278,87
4294967278,86
4294967278,85
4294967278,84
4294967278,83
4294967278,82
4294967278,81
4294967278,315
4294967278,80
4294967278,314
4294967278,79
4294967278,78
4294967278,77
4294967278,76
4294967278,75
4294967278,309
4294967278,74
4294967278,308
4294967278,73
4294967278,72
4294967278,71
4294967278,369
4294967278,70
4294967278,339
4294967278,69
4294967278,68
4294967278,368
4294967278,67
4294967278,66
4294967278,366
4294967278,65
4294967278,64
4294967278,63
4294967278,62
4294967278,61
4294967278,60
4294967278,59
4294967278,58
4294967279,318
4294967279,408
4294967279,70
4294967279,69
4294967279,66
4294967279,62
4294967279,61
4294967279,56
4294967279,55
4294967279,52
4294967279,47
4294967279,46
4294967279,41
4294967279,39
4294967279,35
4294967279,33
4294967279,31
4294967279,28
4294967279,26
4294967279,25
4294967279,19
4294967279,16
4294967279,12
4294967279,9
4294967279,8
4294967279,7
4294967279,6
4294967279,5
4294967279,4
0,5
4294967294,7
4294967294,17
4294967294,42
4294967294,67
4294967294,417
4294967294,479
4294967294,25
4294967294,1020
4294967294,26
4294967294,82
4294967294,83
4294967294,5
4294967279,313
114,6
114,5
114,4
114,3
114,2
114,1
113,6
113,5
113,4
113,3
113,2
113,1
112,8
112,7
112,6
112,5
112,4
112,3
112,2
112,1
4294967279,288
4294967278,378
4294967278,377
4294967278,376
4294967279,281
4294967294,483
97,11
108,4
108,3
108,2
108,1
107,4
107,3
107,2
107,1
106,4
106,3
106,2
106,1
105,4
105,3
105,2
105,1
104,4
104,3
104,2
104,1
103,4
103,3
103,2
103,1
102,4
102,3
102,2
102,1
101,4
101,3
101,2
101,1
100,4
100,3
100,2
100,1
99,4
99,3
99,2
99,1
98,4
98,3
98,2
98,1
97,10
97,9
97,8
97,7
97,6
97,5
97,4
97,3
97,2
97,1
4294967294,989
4294967279,447
4294967278,375
4294967278,374
4294967279,229
4294967279,446
4294967278,373
4294967279,445
4294967294,482
4294967279,444
4294967278,372
93,5
93,4
93,3
93,2
93,1
4294967279,443
4294967278,371
92,5
92,4
92,3
92,2
92,1
4294967278,370
4294967294,439
4294967294,481
4294967279,442
91,5
91,4
91,3
91,2
91,1
4294967294,1424
4294967294,1423
4294967294,480
90,5
90,4
90,3
90,2
90,1
89,4
89,3
89,2
89,1
4294967279,441
88,5
88,4
88,3
88,2
88,1
87,4
87,3
87,2
87,1
4294967279,440
86,4
86,3
86,2
86,1
85,4
85,3
85,2
85,1
4294967278,354
4294967279,439
4294967278,352
4294967278,351
4294967278,300
4294967278,334
4294967279,426
4294967278,333
84,6
84,5
84,4
84,3
84,2
84,1
4294967294,470
4294967279,425
4294967293,131
4294967293,130
4294967293,129
4294967293,128
4294967293,127
4294967293,126
4294967293,125
4294967293,124
4294967293,123
4294967293,122
4294967293,121
4294967293,120
4294967293,119
4294967293,118
4294967293,117
4294967293,116
4294967293,115
4294967293,114
4294967293,113
4294967293,112
4294967293,111
4294967293,110
4294967293,109
4294967293,108
4294967293,107
4294967293,106
4294967293,105
4294967293,104
4294967293,103
4294967293,102
4294967293,101
4294967293,100
4294967293,99
4294967293,98
4294967293,97
4294967293,96
4294967293,95
4294967293,94
4294967293,93
4294967293,92
4294967293,91
4294967293,90
4294967293,89
4294967293,88
4294967293,87
4294967293,86
4294967293,85
4294967293,84
4294967293,83
4294967293,82
4294967293,81
4294967293,80
4294967293,79
4294967293,78
4294967293,77
4294967293,76
4294967293,75
4294967293,74
4294967293,73
4294967293,72
4294967293,71
4294967293,70
4294967293,69
4294967293,68
4294967293,67
4294967293,66
4294967293,65
4294967293,64
4294967293,63
4294967293,62
4294967293,61
4294967293,60
4294967293,59
4294967293,58
